 xi =    0.110000000000000E+01
  c =    0.100000000000000E+03
     0  -4.33197296064750    -3  -8.33651548114665     0   7.61103147377840    -2  -4.90528288242802    -1  14
     1   2.80235001040042    -2  -7.74483334389359     0   7.12392057133166    -2   3.02902907386874     0  14
         7.61103147377841    -2  -4.90528288242893    -1   4.33197296064672    -3   8.33651548114664     0  14
     2   5.55946596125374    -2  -5.73158478567796     0   5.30976669974860    -2   5.97694084945634     0  14
         7.12392057133169    -2   3.02902907386865     0  -2.80235001040050    -2   7.74483334389353     0  14
     3   7.31196935607447    -2  -2.66349341926929     0   2.47881166240101    -2   7.80359926412197     0  14
         5.30976669974858    -2   5.97694084945626     0  -5.55946596125383    -2   5.73158478567799     0  14
     4   7.70671015807991    -2   8.90206494356359    -1  -8.57157829760427    -3   8.16157977656289     0  14
         2.47881166240109    -2   7.80359926412194     0  -7.31196935607450    -2   2.66349341926919     0  14
     5   6.63784645368190    -2   4.26049010166417     0  -4.07390738645483    -2   6.97592742838854     0  14
        -8.57157829760356    -3   8.16157977656293     0  -7.70671015807989    -2  -8.90206494356436    -1  14
     6   4.27746962391083    -2   6.80363548901392     0  -6.54995414210302    -2   4.46490062194079     0  14
        -4.07390738645472    -2   6.97592742838855     0  -6.63784645368184    -2  -4.26049010166420     0  14
     7   1.05399279141774    -2   8.02564628796173     0  -7.78719060842678    -2   1.10507381651153     0  14
        -6.54995414210297    -2   4.46490062194085     0  -4.27746962391078    -2  -6.80363548901395     0  14
     8  -2.42071904688058    -2   7.68187112643771     0  -7.51372231919780    -2  -2.45486179344099     0  14
        -7.78719060842675    -2   1.10507381651162     0  -1.05399279141766    -2  -8.02564628796175     0  14
     9  -5.46434288548617    -2   5.83123348452245     0  -5.74752258146199    -2  -5.51700940780289     0  14
        -7.51372231919775    -2  -2.45486179344094     0   2.42071904688067    -2  -7.68187112643778     0  14
    10  -7.45728535038788    -2   2.83231032670425     0  -2.80571483894459    -2  -7.47126058703520     0  14
        -5.74752258146203    -2  -5.51700940780282     0   5.46434288548623    -2  -5.83123348452242     0  14
    11  -7.97058295273761    -2  -7.20628706692470    -1   7.45930997982488    -3  -7.91967643028091     0  13
        -2.80571483894465    -2  -7.47126058703516     0   7.45728535038791    -2  -2.83231032670418     0  14
    12  -6.86215975990243    -2  -4.11153276578109     0   4.19698662631454    -2  -6.76258362218325     0  14
         7.45930997982502    -3  -7.91967643028163     0   7.97058295273752    -2   7.20628706692690    -1  14
    13  -4.31952597024090    -2  -6.64560050381480     0   6.83208028365435    -2  -4.22701499826464     0  14
         4.19698662631444    -2  -6.76258362218328     0   6.86215975990236    -2   4.11153276578112     0  14
    14  -8.36366754326404    -3  -7.79338517671497     0   8.07977102274617    -2  -8.28834375889838    -1  14
         6.83208028365429    -2  -4.22701499826473     0   4.31952597024082    -2   6.64560050381483     0  14
    15   2.87668763843734    -2  -7.30602109788792     0   7.63995449007329    -2   2.72685446990012     0  14
         8.07977102274613    -2  -8.28834375889915    -1   8.36366754326314    -3   7.79338517671498     0  14
    16   6.03284812985173    -2  -5.27585094808752     0   5.56120767728692    -2   5.68916599610740     0  14
         7.63995449007329    -2   2.72685446990003     0  -2.87668763843744    -2   7.30602109788790     0  14
    17   7.93500352290114    -2  -2.12672756331746     0   2.24781904322747    -2   7.42047288955056     0  14
         5.56120767728680    -2   5.68916599610727     0  -6.03284812985204    -2   5.27585094808773     0  13
    18   8.13241012485635    -2   1.46762340870945     0  -1.61022794638278    -2   7.53758948063029     0  14
         2.24781904322754    -2   7.42047288955054     0  -7.93500352290120    -2   2.12672756331742     0  14
    19   6.53307208685828    -2   4.72325403142052     0  -5.17472713547797    -2   6.00336654963676     0  14
        -1.61022794638271    -2   7.53758948063027     0  -8.13241012485634    -2  -1.46762340870950     0  14
    20   3.44337593797733    -2   6.91603829398577     0  -7.63875327169077    -2   3.14576952576343     0  14
        -5.17472713547789    -2   6.00336654963678     0  -6.53307208685824    -2  -4.72325403142060     0  14
    21  -4.79668530309918    -3   7.54584353875039     0  -8.41102041697160    -2  -4.03889679671394    -1  14
        -7.63875327169063    -2   3.14576952576349     0  -3.44337593797726    -2  -6.91603829398585     0  14
    22  -4.35967605605395    -2   6.45737011458689     0  -7.26338158094927    -2  -3.84423839514926     0  14
        -8.41102041697157    -2  -4.03889679671296    -1   4.79668530310004    -3  -7.54584353875040     0  14
    23  -7.29208646366124    -2   3.88744149907016     0  -4.40432898806577    -2  -6.38231680122269     0  14
        -7.26338158094930    -2  -3.84423839514916     0   4.35967605605405    -2  -6.45737011458686     0  14
    24  -8.55549967038840    -2   4.23356469575017    -1  -4.55079703131265    -3  -7.41853997375981     0  14
        -4.40432898806585    -2  -6.38231680122261     0   7.29208646366131    -2  -3.88744149907007     0  14
    25  -7.79463829212229    -2  -3.12336856433261     0   3.67438700441874    -2  -6.69505247301929     0  14
        -4.55079703131369    -3  -7.41853997375979     0   8.55549967038843    -2  -4.23356469574917    -1  14
    26  -5.12836981318333    -2  -5.90309393315403     0   6.98819952273865    -2  -4.36980558086922     0  14
         3.67438700441865    -2  -6.69505247301933     0   7.79463829212227    -2   3.12336856433271     0  14
    27  -1.14969340185394    -2  -7.23285969646564     0   8.64382501318857    -2  -9.93659417130621    -1  14
         6.98819952273856    -2  -4.36980558086929     0   5.12836981318328    -2   5.90309393315410     0  14
    28   3.19217367558229    -2  -6.77091103240916     0   8.17164623406510    -2   2.61028642060405     0  14
         8.64382501318853    -2  -9.93659417130720    -1   1.14969340185383    -2   7.23285969646565     0  14
    29   6.80894875960106    -2  -4.61546243698296     0   5.61776422183384    -2   5.54173615095148     0  14
         8.17164623406511    -2   2.61028642060396     0  -3.19217367558239    -2   6.77091103240913     0  14
    30   8.74366559036529    -2  -1.29747807176514     0   1.56616503092117    -2   7.04852121978258     0  14
         5.61776422183391    -2   5.54173615095143     0  -6.80894875960114    -2   4.61546243698287     0  14
    31   8.42929134204852    -2   2.33825574461801     0  -2.97734871018739    -2   6.72656480961683     0  14
         1.56616503092127    -2   7.04852121978277     0  -8.74366559036499    -2   1.29747807176503     0  14
    32   5.86613795436746    -2   5.34097649477073     0  -6.82274301113709    -2   4.64050920659759     0  14
        -2.97734871018727    -2   6.72656480961686     0  -8.42929134204854    -2  -2.33825574461809     0  14
    33   1.66207315558529    -2   6.90237076467026     0  -8.90365179625136    -2   1.32706034755186     0  13
        -6.82274301113701    -2   4.64050920659765     0  -5.86613795436739    -2  -5.34097649477078     0  14
    34  -3.08999466651069    -2   6.58182195122868     0  -8.57900434484330    -2  -2.32896781285026     0  14
        -8.90365179625172    -2   1.32706034755199     0  -1.66207315558517    -2  -6.90237076467009     0  14
    35  -7.08105517199933    -2   4.44490760803719     0  -5.84391042124538    -2  -5.32213553337363     0  14
        -8.57900434484331    -2  -2.32896781285019     0   3.08999466651080    -2  -6.58182195122866     0  14
    36  -9.14169358077375    -2   1.06936660152660     0  -1.37999040137488    -2  -6.80248807747034     0  14
        -5.84391042124545    -2  -5.32213553337360     0   7.08105517199941    -2  -4.44490760803715     0  14
    37  -8.59205155722216    -2  -2.59443577642702     0   3.58785822630303    -2  -6.32602226973395     0  14
        -1.37999040137499    -2  -6.80248807747033     0   9.14169358077379    -2  -1.06936660152654     0  14
    38  -5.48257556637320    -2  -5.48095273753663     0   7.60915933984025    -2  -4.00478465949044     0  14
         3.58785822630260    -2  -6.32602226973371     0   8.59205155722267    -2   2.59443577642728     0  13
    39  -6.40064430363627    -3  -6.71957249142570     0   9.42617820601766    -2  -5.03214128213122    -1  14
         7.60915933984017    -2  -4.00478465949049     0   5.48257556637311    -2   5.48095273753666     0  14
    40   4.51963161659987    -2  -5.90903300684665     0   8.37763927138885    -2   3.13260713786182     0  14
         9.42617820601763    -2  -5.03214128213162    -1   6.40064430363505    -3   6.71957249142570     0  14
    41   8.38416125356728    -2  -3.26837186489834     0   4.65984662467833    -2   5.77659042677778     0  14
         8.37763927138887    -2   3.13260713786177     0  -4.51963161659999    -2   5.90903300684663     0  14
    42   9.64479116696863    -2   3.95396840119608    -1  -6.57354269281199    -3   6.57371013412751     0  14
         4.65984662467839    -2   5.77659042677771     0  -8.38416125356740    -2   3.26837186489831     0  14
    43   7.75575967770538    -2   3.91168207306117     0  -5.89914330496804    -2   5.23306623862593     0  14
        -6.57354269281085    -3   6.57371013412765     0  -9.64479116696857    -2  -3.95396840119651    -1  13
    44   3.19339946316412    -2   6.11003164773463     0  -9.29009469697219    -2   2.16045775274647     0  13
        -5.89914330496793    -2   5.23306623862620     0  -7.75575967770534    -2  -3.91168207306115     0  13
    45  -2.60372829206694    -2   6.21670319347927     0  -9.55684380239242    -2  -1.63224245163916     0  13
        -9.29009469697218    -2   2.16045775274662     0  -3.19339946316398    -2  -6.11003164773433     0  14
    46  -7.64225337407070    -2   4.15137753833933     0  -6.43253090239480    -2  -4.83602297972463     0  13
        -9.55684380239243    -2  -1.63224245163919     0   2.60372829206706    -2  -6.21670319347896     0  14
    47  -1.00381587908334    -1   6.06869515987335    -1  -8.65082769282597    -3  -6.28969776139918     0  14
        -6.43253090239496    -2  -4.83602297972479     0   7.64225337407073    -2  -4.15137753833912     0  13
    48  -8.73454681343308    -2  -3.14504797155842     0   5.19786602183804    -2  -5.41693121108228     0  13
        -8.65082769283663    -3  -6.28969776139944     0   1.00381587908334    -1  -6.06869515987856    -1  13
    49  -4.00831915176911    -2  -5.68622409877003     0   9.43976583284019    -2  -2.49115723904174     0  13
         5.19786602183038    -2  -5.41693121108531     0   8.73454681343756    -2   3.14504797155355     0  13
    50   2.47254041938905    -2  -5.99071749829125     0   1.00498517703679    -1   1.39781511909084     0  13
         9.43976583280980    -2  -2.49115723908569     0   4.00831915184226    -2   5.68622409875008     0  14
    51   8.15106901356390    -2  -3.87185429112563     0   6.53334153395428    -2   4.70684651538172     0  13
         1.00498517705365    -1   1.39781511869702     0  -2.47254041873215    -2   5.99071749837868     0  14
    52   1.05452455289920    -1  -1.40422552177272    -1   1.03584999124847    -3   6.03565193354940     0  14
         6.53334153831493    -2   4.70684651330025     0  -8.15106901014209    -2   3.87185429360358     0  13
    53   8.35279855002386    -2   3.64122623946339     0  -6.60389078486337    -2   4.74280764597769     0  13
         1.03585042322688    -3   6.03565193271115     0  -1.05452455290275    -1   1.40422576914228    -1  13
    54   2.22947426759791    -2   5.77314972868446     0  -1.05194427501128    -1   1.31495537788567     0  13
        -6.60389053561315    -2   4.74280775412085     0  -8.35279875158078    -2  -3.64122609535640     0  13
    55  -5.20344948688698    -2   5.19008041794614     0  -9.53329438891686    -2  -2.72577119198917     0  13
        -1.05194423066803    -1   1.31495658937104     0  -2.22947648385885    -2  -5.77314943824485     0  14
    56  -1.03230654430716    -1   2.05810281708834     0  -3.71557002866926    -2  -5.42619364398780     0  14
        -9.53330178092110    -2  -2.72576392188638     0   5.20343631490092    -2  -5.19008412791350     0  14
    57  -1.02115618963397    -1  -2.13798694963951     0   4.31106035794224    -2  -5.33170018505060     0  14
        -3.71566013764461    -2  -5.42617516148383     0   1.03230342443724    -1  -2.05814981605067     0  13
    58  -4.40584040059189    -2  -5.18302149417363     0   1.02962320313327    -1  -2.33698554037064     0  13
         4.31054146613801    -2  -5.33180611817275     0   1.02117886982377    -1   2.13771282573238     0  12
    59   4.28755392253861    -2  -5.25015988117424     0   1.04720357982981    -1   2.02495762646261     0  13
         1.02950321760914    -1  -2.33843455848077     0   4.40874776831384    -2   5.18234505566777     0  14
    60   1.07134426879943    -1  -2.05750545760281     0   3.99074050156145    -2   5.17583455568909     0  13
         1.04783664357326    -1   2.01738773335589     0  -4.27264021207742    -2   5.25295671052012     0  14
    61   1.00444528614344    -1   2.60863959742973     0  -5.69593367504855    -2   4.85873544143692     0  13
         4.06259801959877    -2   5.16146703326020     0  -1.06875470321580    -1   2.09190166559937     0  13
    62   1.23508667923311    -2   5.41801288277523     0  -1.15878167161939    -1   7.11720885638405    -1  13
        -5.41664418611674    -2   4.92754120897628     0  -1.02030587049354    -1  -2.47126902758292     0  13
    63  -9.51853794473941    -2   3.28809918554983     0  -6.88191610369559    -2  -4.31090937908767     0  13
        -1.14300471683376    -1   1.23321679860539     0  -2.35663393254656    -2  -5.31544059164323     0  14
    64  -1.05454835654668    -1  -2.31210043586064     0   5.36744779397585    -2  -4.86008048229119     0  14
        -9.08500225525533    -2  -3.33272148315239     0   7.51758842711982    -2  -4.24963557514429     0  13
    65  -8.64558549896352    -3  -5.30857473227512     0   1.19049542264256    -1  -5.36271420278605    -1  13
         9.69600971000669    -4  -5.34149425026519     0   1.19203066568785    -1  -1.05942884344700    -1  13
    66   9.02198396601413    -2  -3.62207454622950     0   8.01239510323087    -2   3.83956400382712     0  13
         9.19708332703827    -2  -3.53553479407177     0   7.80368398388963    -2   3.92208917839526     0  14
    67   1.21477788752879    -1   3.98809982089470    -1  -1.32937630542720    -2   5.19698369095515     0  14
         1.21392605345294    -1   4.27027264457300    -1  -1.39487779684582    -2   5.19523625080213     0  14
    68   7.83088415498639    -2   3.86657966963576     0  -9.60993058491355    -2   3.38460057459091     0  13
         7.81951210194415    -2   3.87061907812590     0  -9.61884165754065    -2   3.38014761829425     0  14
    69  -6.03847244585655    -3   5.05776932029055     0  -1.25814198693300    -1  -4.64650890130839    -2  13
        -6.06757167735519    -3   5.05778105763052     0  -1.25812228174820    -1  -4.76414457190285    -2  13
    70  -8.62526152632936    -2   3.81765403285155     0  -9.48637142906661    -2  -3.18208242262271     0  13
        -8.62566093757593    -2   3.81752011816452     0  -9.48599282291300    -2  -3.18224991605564     0  13
    71  -1.28597265773168    -1   1.11538056636092     0  -2.37419563522785    -2  -4.74456787223742     0  12
        -1.28597422088173    -1   1.11534502100297     0  -2.37409900683177    -2  -4.74457704823036     0  13
    72  -1.21560061668869    -1  -1.74370776747457     0   5.56415272165766    -2  -4.43893497385485     0  14
        -1.21559989373504    -1  -1.74371334123210     0   5.56416756840672    -2  -4.43893293286490     0  13
    73  -7.37014650341223    -2  -3.75765117477737     0   1.15543554821135    -1  -2.74685717254428     0  13
        -7.37014422830589    -2  -3.75765173031770     0   1.15543568516614    -1  -2.74685645128276     0  13
    74  -4.54275388275320    -3  -4.50328263618341     0   1.40881308492860    -1  -4.82399470774398    -1  13
        -4.54274979516892    -3  -4.50328265392900     0   1.40881308508455    -1  -4.82399339051005    -1  13
    75   6.52277031952221    -2  -4.08530585224610     0   1.30123078039323    -1   1.61016247693013     0  13
         6.52277037268602    -2  -4.08530584596778     0   1.30123077751536    -1   1.61016249435562     0  13
    76   1.20372705678727    -1  -2.91526745030887     0   9.12714916546013    -2   3.07826397617753     0  13
         1.20372705728347    -1  -2.91526744857127     0   9.12714915841224    -2   3.07826397793254     0  14
    77   1.53545391832598    -1  -1.47376131284120     0   3.62960769495594    -2   3.79775655519011     0  12
         1.53545391834829    -1  -1.47376131255050     0   3.62960769379514    -2   3.79775655531404     0  12
    78   1.64467750500381    -1  -1.46237366652178    -1  -2.35524140881025    -2   3.89172961528802     0  13
         1.64467750500087    -1  -1.46237366613384    -1  -2.35524140896720    -2   3.89172961529074     0  14
    79   1.57463806578098    -1   8.44912293608135    -1  -8.05004224464132    -2   3.61101378252232     0  13
         1.57463806577992    -1   8.44912293612663    -1  -8.05004224465933    -2   3.61101378252150     0  13
    80   1.38771012751524    -1   1.43289919964951     0  -1.31149778147993    -1   3.23335076489285     0  13
         1.38771012751505    -1   1.43289919965001     0  -1.31149778148010    -1   3.23335076489264     0  13
    81   1.14476665825894    -1   1.65971094815388     0  -1.76164093176847    -1   3.00706083433550     0  13
         1.14476665825891    -1   1.65971094815392     0  -1.76164093176848    -1   3.00706083433538     0  13
    82   8.93532186665232    -2   1.62135576172961     0  -2.19516349350852    -1   3.14152840538790     0  13
         8.93532186665225    -2   1.62135576172962     0  -2.19516349350853    -1   3.14152840538789     0  13
    83   6.64854854224799    -2   1.42400150213564     0  -2.67946865037513    -1   3.83637168986330     0  14
         6.64854854224799    -2   1.42400150213564     0  -2.67946865037513    -1   3.83637168986330     0  13
    84   4.74193439299395    -2   1.15754578133316     0  -3.31113537232066    -1   5.34256008637761     0  14
         4.74193439299395    -2   1.15754578133317     0  -3.31113537232066    -1   5.34256008637756     0  14
    85   3.25558062048416    -2   8.85058578361868    -1  -4.22853739967422    -1   8.05906758279141     0  13
         3.25558062048406    -2   8.85058578361840    -1  -4.22853739968049    -1   8.05906758273988     0  11
    86   2.15872538138820    -2   6.43019752668697    -1  -5.64123761674071    -1   1.26869796882299     1  14
         2.15872538138820    -2   6.43019752668698    -1  -5.64123761674072    -1   1.26869796882299     1  14
    87   1.38625402586862    -2   4.47008157523610    -1  -7.88650966559588    -1   2.04930951741373     1  14
         1.38625402586862    -2   4.47008157523610    -1  -7.88650966559587    -1   2.04930951741373     1  14
    88   8.64061695636835    -3   2.98841930826345    -1  -1.15333495726945     0   3.37886667493669     1  14
         8.64061695636836    -3   2.98841930826346    -1  -1.15333495726945     0   3.37886667493669     1  14
    89   5.23758325035432    -3   1.92873747737276    -1  -1.75740960518903     0   5.68318595193982     1  14
         5.23758325035432    -3   1.92873747737276    -1  -1.75740960518903     0   5.68318595193982     1  14
    90   3.09250657411342    -3   1.20538571206345    -1  -2.77826190862746     0   9.75687663820477     1  14
         3.09250657411342    -3   1.20538571206345    -1  -2.77826190862745     0   9.75687663820476     1  14
    91   1.78114395927487    -3   7.31249700878930    -2  -4.53954736123426     0   1.71050467750396     2  14
         1.78114395927487    -3   7.31249700878929    -2  -4.53954736123429     0   1.71050467750396     2  13
    92   1.00192529720668    -3   4.31493404524592    -2  -7.64292970048532     0   3.06242788282290     2  13
         1.00192529720668    -3   4.31493404524593    -2  -7.64292970048525     0   3.06242788282288     2  14
    93   5.51057046295766    -4   2.48081939450718    -2  -1.32270372003708     1   5.59798427868289     2  13
         5.51057046295766    -4   2.48081939450718    -2  -1.32270372003708     1   5.59798427868290     2  13
    94   2.96625134221777    -4   1.39176330569374    -2  -2.34845251294592     1   1.04431733309467     3  13
         2.96625134221777    -4   1.39176330569374    -2  -2.34845251294590     1   1.04431733309470     3  14
    95   1.56405261382557    -4   7.62846276376523    -3  -4.27104273424296     1   1.98717655028977     3  14
         1.56405261382557    -4   7.62846276376523    -3  -4.27104273424296     1   1.98717655028977     3  14
    96   8.08484708139504    -5   4.08972617120107    -3  -7.94598845922038     1   3.85474950425983     3  13
         8.08484708139502    -5   4.08972617120106    -3  -7.94598845922015     1   3.85474950425988     3  14
    97   4.09998990602915    -5   2.14667112118905    -3  -1.51055338996527     2   7.61840018149785     3  14
         4.09998990602915    -5   2.14667112118905    -3  -1.51055338996527     2   7.61840018149784     3  14
    98   2.04112951464058    -5   1.10416338341443    -3  -2.93139424322104     2   1.53319988541264     4  14
         2.04112951464058    -5   1.10416338341443    -3  -2.93139424322108     2   1.53319988541262     4  14
    99   9.98154455153075    -6   5.56982486228443    -4  -5.80214154937448     2   3.14030206635224     4  14
         9.98154455153075    -6   5.56982486228443    -4  -5.80214154937451     2   3.14030206635223     4  14
   100   4.79740363177403    -6   2.75740905024142    -4  -1.17042811990388     3   6.54280705589730     4  14
         4.79740363177403    -6   2.75740905024142    -4  -1.17042811990388     3   6.54280705589730     4  14
   101   2.26735632771947    -6   1.34058819210131    -4  -2.40460256711627     3   1.38602648250889     5  14
         2.26735632771947    -6   1.34058819210131    -4  -2.40460256711627     3   1.38602648250889     5  14
   102   1.05425544218771    -6   6.40446756042362    -5  -5.02819154545355     3   2.98400997874133     5  14
         1.05425544218771    -6   6.40446756042362    -5  -5.02819154545354     3   2.98400997874133     5  14
   103   4.82478176641671    -7   3.00816754382317    -5  -1.06955204743080     4   6.52631791572921     5  14
         4.82478176641672    -7   3.00816754382317    -5  -1.06955204743080     4   6.52631791572920     5  14
   104   2.17418053220610    -7   1.38986262709558    -5  -2.31305413802517     4   1.44945195493413     6  14
         2.17418053220610    -7   1.38986262709558    -5  -2.31305413802517     4   1.44945195493413     6  14
   105   9.65091458604875    -8   6.31969203620772    -6  -5.08338971388550     4   3.26772343323450     6  14
         9.65091458604875    -8   6.31969203620771    -6  -5.08338971388550     4   3.26772343323450     6  14
   106   4.22138274157118    -8   2.82919645805788    -6  -1.13477643329652     5   7.47549428965363     6  14
         4.22138274157118    -8   2.82919645805788    -6  -1.13477643329652     5   7.47549428965362     6  14
   107   1.82013427667466    -8   1.24752610590321    -6  -2.57202870920360     5   1.73477572741527     7  14
         1.82013427667467    -8   1.24752610590322    -6  -2.57202870920360     5   1.73477572741527     7  14
   108   7.73846967151145    -9   5.42026211823903    -7  -5.91672554622080     5   4.08243169975362     7  14
         7.73846967151144    -9   5.42026211823902    -7  -5.91672554622086     5   4.08243169975364     7  14
   109   3.24520731824528    -9   2.32129072639456    -7  -1.38092323946603     6   9.73951154451860     7  14
         3.24520731824528    -9   2.32129072639456    -7  -1.38092323946604     6   9.73951154451861     7  14
   110   1.34273763010316    -9   9.80217848044203    -8  -3.26882981062814     6   2.35491456423713     8  14
         1.34273763010315    -9   9.80217848044202    -8  -3.26882981062816     6   2.35491456423713     8  14
   111   5.48302676121838   -10   4.08259522640157    -8  -7.84532055545357     6   5.76920565320109     8  13
         5.48302676121837   -10   4.08259522640157    -8  -7.84532055545357     6   5.76920565320109     8  14
   112   2.21025929679374   -10   1.67764428820348    -8  -1.90850632476034     7   1.43168857768490     9  14
         2.21025929679374   -10   1.67764428820348    -8  -1.90850632476034     7   1.43168857768490     9  14
   113   8.79766455960101   -11   6.80354900665770    -9  -4.70454023163337     7   3.59804661823612     9  14
         8.79766455960100   -11   6.80354900665771    -9  -4.70454023163336     7   3.59804661823611     9  14
   114   3.45856115541153   -11   2.72369889926314    -9  -1.17480065900963     8   9.15523629507990     9  14
         3.45856115541154   -11   2.72369889926314    -9  -1.17480065900963     8   9.15523629507991     9  14
   115   1.34315235632994   -11   1.07666511784854    -9  -2.97114163240448     8   2.35808927628485    10  14
         1.34315235632994   -11   1.07666511784854    -9  -2.97114163240448     8   2.35808927628485    10  14
   116   5.15407062229606   -12   4.20343962394059   -10  -7.60832411609758     8   6.14676214142701    10  14
         5.15407062229606   -12   4.20343962394060   -10  -7.60832411609762     8   6.14676214142703    10  14
   117   1.95461026804182   -12   1.62118025959129   -10  -1.97224343960447     9   1.62121096163852    11  14
         1.95461026804182   -12   1.62118025959128   -10  -1.97224343960447     9   1.62121096163852    11  14
   118   7.32723960511607   -13   6.17810436176091   -11  -5.17418532966501     9   4.32568361226586    11  14
         7.32723960511607   -13   6.17810436176091   -11  -5.17418532966499     9   4.32568361226586    11  14
   119   2.71564615068255   -13   2.32684518006308   -11  -1.37354157023712    10   1.16737563196761    12  13
         2.71564615068255   -13   2.32684518006307   -11  -1.37354157023712    10   1.16737563196761    12  13
   120   9.95261974354004   -14   8.66273408117024   -12  -3.68869246516233    10   3.18587629396990    12  14
         9.95261974354004   -14   8.66273408117024   -12  -3.68869246516233    10   3.18587629396989    12  14
   121   3.60752111593646   -14   3.18860698334285   -12  -1.00195931213166    11   8.79092086246661    12  14
         3.60752111593646   -14   3.18860698334285   -12  -1.00195931213167    11   8.79092086246667    12  13
   122   1.29348233564491   -14   1.16060748269512   -12  -2.75229120815573    11   2.45219270918978    13  13
         1.29348233564491   -14   1.16060748269512   -12  -2.75229120815567    11   2.45219270918974    13  13
   123   4.58841270603271   -15   4.17815704832078   -13  -7.64413322779229    11   6.91384802222465    13  14
         4.58841270603271   -15   4.17815704832078   -13  -7.64413322779212    11   6.91384802222456    13  13
   124   1.61058055148312   -15   1.48789692333228   -13  -2.14623672214320    12   1.96998449107963    14  14
         1.61058055148312   -15   1.48789692333228   -13  -2.14623672214319    12   1.96998449107963    14  14
   125   5.59481445321743   -16   5.24228340302685   -14  -6.09075715091651    12   5.67177023974292    14  13
         5.59481445321742   -16   5.24228340302685   -14  -6.09075715091661    12   5.67177023974299    14  13
   126   1.92369041556743   -16   1.82766231169510   -14  -1.74678991732732    13   1.64977462051326    15  13
         1.92369041556743   -16   1.82766231169510   -14  -1.74678991732731    13   1.64977462051326    15  14
   127   6.54774548244919   -17   6.30616029261229   -15  -5.06197202786777    13   4.84752657496883    15  14
         6.54774548244919   -17   6.30616029261230   -15  -5.06197202786777    13   4.84752657496883    15  14
   128   2.20655296074235   -17   2.15372920686206   -15  -1.48198828310998    14   1.43862229032858    16  14
         2.20655296074235   -17   2.15372920686206   -15  -1.48198828310999    14   1.43862229032859    16  14
   129   7.36308497332569   -18   7.28174549466736   -16  -4.38282642386473    14   4.31169146979617    16  13
         7.36308497332569   -18   7.28174549466735   -16  -4.38282642386473    14   4.31169146979617    16  14
   130   2.43323068303818   -18   2.43757168393526   -16  -1.30914828592976    15   1.30487214136911    17  14
         2.43323068303818   -18   2.43757168393526   -16  -1.30914828592977    15   1.30487214136911    17  14
   131   7.96412705489035   -19   8.08004986902090   -17  -3.94903561112462    15   3.98707508625615    17  14
         7.96412705489035   -19   8.08004986902090   -17  -3.94903561112462    15   3.98707508625615    17  14
   132   2.58211915415942   -19   2.65253317258208   -17  -1.20283299511686    16   1.22985931843488    18  13
         2.58211915415942   -19   2.65253317258208   -17  -1.20283299511686    16   1.22985931843488    18  14
   133   8.29369030983682   -20   8.62484673389049   -18  -3.69894515311469    16   3.82931373461203    18  14
         8.29369030983683   -20   8.62484673389049   -18  -3.69894515311469    16   3.82931373461203    18  14
   134   2.63937771312172   -20   2.77803497557575   -18  -1.14830327587427    17   1.20337875285471    19  14
         2.63937771312172   -20   2.77803497557575   -18  -1.14830327587427    17   1.20337875285471    19  14
   135   8.32309455259983   -21   8.86482561346995   -19  -3.59824669155533    17   3.81638675388511    19  14
         8.32309455259983   -21   8.86482561346996   -19  -3.59824669155533    17   3.81638675388511    19  14
   136   2.60101995911736   -21   2.80283643195758   -19  -1.13797274404635    18   1.22130791305653    20  14
         2.60101995911736   -21   2.80283643195758   -19  -1.13797274404635    18   1.22130791305652    20  14
   137   8.05606312017585   -22   8.78148290831320   -20  -3.63188251574492    18   3.94344762768562    20  14
         8.05606312017585   -22   8.78148290831320   -20  -3.63188251574494    18   3.94344762768563    20  13
   138   2.47323784545522   -22   2.72663269395498   -20  -1.16961924682721    19   1.28458152604931    21  14
         2.47323784545522   -22   2.72663269395498   -20  -1.16961924682722    19   1.28458152604931    21  14
   139   7.52688220923654   -23   8.39110033419410   -21  -3.80036302797143    19   4.22123648005266    21  14
         7.52688220923654   -23   8.39110033419410   -21  -3.80036302797143    19   4.22123648005266    21  14
   140   2.27097222221159   -23   2.55969536633999   -21  -1.24574699282952    20   1.39916503047484    22  13
         2.27097222221159   -23   2.55969536633999   -21  -1.24574699282952    20   1.39916503047483    22  14
   141   6.79354066557981   -24   7.74064511709150   -22  -4.11923247278056    20   4.67745202014672    22  14
         6.79354066557980   -24   7.74064511709149   -22  -4.11923247278056    20   4.67745202014672    22  14
   142   2.01514991525603   -24   2.32074180872872   -22  -1.37386192786822    21   1.57696401850465    23  14
         2.01514991525603   -24   2.32074180872873   -22  -1.37386192786822    21   1.57696401850465    23  14
   143   5.92766371720401   -25   6.89886268800050   -23  -4.62136135089974    21   5.36127576755635    23  14
         5.92766371720402   -25   6.89886268800050   -23  -4.62136135089974    21   5.36127576755635    23  14
   144   1.72926688598786   -25   2.03361324165803   -23  -1.56768057992844    22   1.83785496813451    24  13
         1.72926688598786   -25   2.03361324165803   -23  -1.56768057992844    22   1.83785496813451    24  13
   145   5.00356007203763   -26   5.94480479539984   -24  -5.36250598851391    22   6.35206242421265    24  13
         5.00356007203763   -26   5.94480479539984   -24  -5.36250598851391    22   6.35206242421265    24  13
   146   1.43605253499415   -26   1.72354433445163   -24  -1.84953802349963    23   2.21331522661381    25  13
         1.43605253499415   -26   1.72354433445163   -24  -1.84953802349966    23   2.21331522661385    25  13
   147   4.08855943296083   -27   4.95631933560766   -25  -6.43143097623031    23   7.77431563728683    25  13
         4.08855943296082   -27   4.95631933560765   -25  -6.43143097623031    23   7.77431563728683    25  13
   148   1.15481639893551   -27   1.41378551413800   -25  -2.25457831095944    24   2.75256531694723    26  13
         1.15481639893551   -27   1.41378551413800   -25  -2.25457831095943    24   2.75256531694722    26  13
   149   3.23616982298822   -28   4.00064328664197   -26  -7.96712677105636    24   9.82282968603703    26  14
         3.23616982298822   -28   4.00064328664197   -26  -7.96712677105636    24   9.82282968603702    26  14
   150   8.99824375890863   -29   1.12313512752208   -26  -2.83780766525545    25   3.53286300621577    27  14
         8.99824375890864   -29   1.12313512752208   -26  -2.83780766525545    25   3.53286300621578    27  14
   151   2.48269822983041   -29   3.12840607236102   -27  -1.01876948181848    26   1.28049114154160    28  13
         2.48269822983041   -29   3.12840607236102   -27  -1.01876948181849    26   1.28049114154160    28  13
   152   6.79768132804261   -30   8.64640280112232   -28  -3.68594028773303    26   4.67686719543362    28  14
         6.79768132804261   -30   8.64640280112231   -28  -3.68594028773302    26   4.67686719543362    28  14
   153   1.84713503887099   -30   2.37137714098728   -28  -1.34390460569573    27   1.72120229174189    29  14
         1.84713503887099   -30   2.37137714098728   -28  -1.34390460569573    27   1.72120229174190    29  14
   154   4.98158017944187   -31   6.45430543700408   -29  -4.93748102700313    27   6.38230550424062    29  14
         4.98158017944188   -31   6.45430543700408   -29  -4.93748102700313    27   6.38230550424062    29  14
   155   1.33350691605484   -31   1.74346144717829   -29  -1.82780149398746    28   2.38431180786099    30  14
         1.33350691605484   -31   1.74346144717829   -29  -1.82780149398746    28   2.38431180786099    30  14
   156   3.54332942477202   -32   4.67432302848527   -30  -6.81725581696834    28   8.97345901798964    30  13
         3.54332942477202   -32   4.67432302848527   -30  -6.81725581696834    28   8.97345901798965    30  13
   157   9.34638711359580   -33   1.24393475800233   -30  -2.56164023116650    29   3.40204654909422    31  14
         9.34638711359580   -33   1.24393475800233   -30  -2.56164023116650    29   3.40204654909422    31  14
   158   2.44748074320375   -33   3.28607417261895   -31  -9.69675150956319    29   1.29920256292828    32  14
         2.44748074320375   -33   3.28607417261895   -31  -9.69675150956320    29   1.29920256292828    32  14
   159   6.36304297682438   -34   8.61758926756333   -32  -3.69748286617744    30   4.99738705019064    32  14
         6.36304297682438   -34   8.61758926756333   -32  -3.69748286617744    30   4.99738705019065    32  14
   160   1.64250512448409   -34   2.24362423649873   -32  -1.42013814344167    31   1.93603132098152    33  13
         1.64250512448409   -34   2.24362423649873   -32  -1.42013814344167    31   1.93603132098152    33  13
   161   4.20988912591307   -35   5.79958677312656   -33  -5.49379968380037    31   7.55369281833189    33  14
         4.20988912591307   -35   5.79958677312656   -33  -5.49379968380037    31   7.55369281833189    33  14
   162   1.07147461803978   -35   1.48851338718193   -33  -2.14045777326990    32   2.96796360821302    34  13
         1.07147461803978   -35   1.48851338718193   -33  -2.14045777326990    32   2.96796360821301    34  13
   163   2.70810316249197   -36   3.79352429477022   -34  -8.39859122454392    32   1.17431705797145    35  14
         2.70810316249197   -36   3.79352429477022   -34  -8.39859122454391    32   1.17431705797145    35  14
   164   6.79743295233835   -37   9.60047232261954   -35  -3.31853931161047    33   4.67859449988062    35  14
         6.79743295233835   -37   9.60047232261954   -35  -3.31853931161048    33   4.67859449988063    35  13
   165   1.69451318100040   -37   2.41282950903102   -35  -1.32039392400691    34   1.87682948468371    36  14
         1.69451318100040   -37   2.41282950903102   -35  -1.32039392400690    34   1.87682948468370    36  14
   166   4.19554814048601   -38   6.02239473231714   -36  -5.28995332354054    34   7.58036593597052    36  14
         4.19554814048600   -38   6.02239473231713   -36  -5.28995332354054    34   7.58036593597051    36  14
   167   1.03180881335010   -38   1.49294614067571   -36  -2.13387082803256    35   3.08239614269030    37  13
         1.03180881335010   -38   1.49294614067571   -36  -2.13387082803257    35   3.08239614269031    37  13
   168   2.52057223100471   -39   3.67599377390253   -37  -8.66620583576413    35   1.26181896911776    38  13
         2.52057223100471   -39   3.67599377390253   -37  -8.66620583576413    35   1.26181896911776    38  13
   169   6.11660842900387   -40   8.99050405026894   -38  -3.54332921684802    36   5.19988518644313    38  13
         6.11660842900387   -40   8.99050405026895   -38  -3.54332921684802    36   5.19988518644313    38  13
   170   1.47453699045347   -40   2.18421054053158   -38  -1.45845520165819    37   2.15703269562793    39  13
         1.47453699045347   -40   2.18421054053158   -38  -1.45845520165819    37   2.15703269562793    39  13
   171   3.53147062046387   -41   5.27142802609825   -39  -6.04298634401496    37   9.00667542787370    39  13
         3.53147062046387   -41   5.27142802609825   -39  -6.04298634401496    37   9.00667542787370    39  13
   172   8.40294585684177   -42   1.26388379799001   -39  -2.52037576074891    38   3.78526256030643    40  14
         8.40294585684177   -42   1.26388379799001   -39  -2.52037576074891    38   3.78526256030644    40  14
   173   1.98657209919919   -42   3.01059599421942   -40  -1.05806596113445    39   1.60114429310006    41  13
         1.98657209919919   -42   3.01059599421942   -40  -1.05806596113445    39   1.60114429310006    41  13
   174   4.66653267235417   -43   7.12500711391407   -41  -4.47067322496103    39   6.81628115310694    41  14
         4.66653267235417   -43   7.12500711391407   -41  -4.47067322496105    39   6.81628115310696    41  14
   175   1.08923498883733   -43   1.67542999112704   -41  -1.90118845059989    40   2.92029691237878    42  13
         1.08923498883733   -43   1.67542999112704   -41  -1.90118845059989    40   2.92029691237878    42  13
   176   2.52642206409722   -44   3.91467539272022   -42  -8.13671543193234    40   1.25906822972489    43  13
         2.52642206409722   -44   3.91467539272022   -42  -8.13671543193228    40   1.25906822972489    43  13
   177   5.82326718492457   -45   9.08894987619033   -43  -3.50448983997941    41   5.46254254345792    43  13
         5.82326718492455   -45   9.08894987619031   -43  -3.50448983997941    41   5.46254254345792    43  13
   178   1.33389962392228   -45   2.09700667290599   -43  -1.51891168402117    42   2.38475948990433    44  13
         1.33389962392228   -45   2.09700667290599   -43  -1.51891168402118    42   2.38475948990434    44  14
   179   3.03664509559333   -46   4.80809923006061   -44  -6.62449717135920    42   1.04756191409291    45  13
         3.03664509559333   -46   4.80809923006061   -44  -6.62449717135920    42   1.04756191409291    45  13
   180   6.87065147008191   -47   1.09560393614574   -44  -2.90714664897945    43   4.63000695924270    45  14
         6.87065147008191   -47   1.09560393614574   -44  -2.90714664897945    43   4.63000695924273    45  14
   181   1.54508739423410   -47   2.48118441568768   -45  -1.28367721367652    44   2.05888536674353    46  13
         1.54508739423410   -47   2.48118441568768   -45  -1.28367721367654    44   2.05888536674357    46  13
   182   3.45364271684488   -48   5.58480816279528   -46  -5.70297061625495    44   9.21113820829174    46  13
         3.45364271684488   -48   5.58480816279528   -46  -5.70297061625501    44   9.21113820829182    46  13
   183   7.67341522370693   -49   1.24945149149178   -46  -2.54908706030077    45   4.14579037038460    47  14
         7.67341522370692   -49   1.24945149149178   -46  -2.54908706030077    45   4.14579037038459    47  14
   184   1.69474502676242   -49   2.77849972610760   -47  -1.14627424930170    46   1.87714080036238    48  13
         1.69474502676242   -49   2.77849972610760   -47  -1.14627424930169    46   1.87714080036238    48  13
   185   3.72084516792477   -50   6.14184367510040   -48  -5.18555337344267    46   8.54997120611914    48  13
         3.72084516792477   -50   6.14184367510040   -48  -5.18555337344267    46   8.54997120611914    48  13
   186   8.12114610342729   -51   1.34959033517957   -48  -2.35986424965492    47   3.91736301685687    49  14
         8.12114610342729   -51   1.34959033517957   -48  -2.35986424965493    47   3.91736301685687    49  14
   187   1.76217173724409   -51   2.94806506066554   -49  -1.08030694005598    48   1.80537600942220    50  14
         1.76217173724408   -51   2.94806506066554   -49  -1.08030694005598    48   1.80537600942220    50  14
   188   3.80146301562571   -52   6.40207742624647   -50  -4.97460598239763    48   8.36892650056290    50  14
         3.80146301562571   -52   6.40207742624647   -50  -4.97460598239764    48   8.36892650056293    50  14
   189   8.15344510648231   -53   1.38219762007800   -50  -2.30411937355901    49   3.90196949586091    51  13
         8.15344510648231   -53   1.38219762007800   -50  -2.30411937355901    49   3.90196949586091    51  13
   190   1.73874287088695   -53   2.96688755241146   -51  -1.07341993926826    50   1.82975960426383    52  13
         1.73874287088695   -53   2.96688755241146   -51  -1.07341993926825    50   1.82975960426382    52  13
   191   3.68679646839501   -54   6.33183941793786   -52  -5.02963649333746    50   8.62947735332849    52  13
         3.68679646839501   -54   6.33183941793786   -52  -5.02963649333746    50   8.62947735332849    52  13
   192   7.77316874287508   -55   1.34360763390562   -52  -2.37022670695655    51   4.09298077960583    53  14
         7.77316874287508   -55   1.34360763390562   -52  -2.37022670695656    51   4.09298077960584    53  14
   193   1.62966181555835   -55   2.83494396976124   -53  -1.12334676536906    52   1.95229007323341    54  13
         1.62966181555835   -55   2.83494396976124   -53  -1.12334676536906    52   1.95229007323341    54  13
   194   3.39752346762852   -56   5.94786917540159   -54  -5.35418023152258    52   9.36447208717862    54  13
         3.39752346762852   -56   5.94786917540159   -54  -5.35418023152258    52   9.36447208717859    54  13
   195   7.04381494605926   -57   1.24090489194115   -54  -2.56632747944557    53   4.51691224779947    55  14
         7.04381494605926   -57   1.24090489194115   -54  -2.56632747944557    53   4.51691224779947    55  14
   196   1.45227420390015   -57   2.57448751320697   -55  -1.23696114276504    54   2.19080990267582    56  13
         1.45227420390015   -57   2.57448751320697   -55  -1.23696114276504    54   2.19080990267582    56  13
   197   2.97782411202398   -58   5.31169495232321   -56  -5.99528858248748    54   1.06845911439053    57  14
         2.97782411202398   -58   5.31169495232321   -56  -5.99528858248747    54   1.06845911439053    57  14
   198   6.07258389638784   -59   1.08988366757636   -56  -2.92186090720862    55   5.23946526926032    57  13
         6.07258389638785   -59   1.08988366757636   -56  -2.92186090720862    55   5.23946526926032    57  13
   199   1.23164687498778   -59   2.22405893239008   -57  -1.43182501258063    56   2.58331716617878    58  14
         1.23164687498778   -59   2.22405893239008   -57  -1.43182501258063    56   2.58331716617877    58  14
